14 120
6 0 1 2 3 4 5 4 3 2 1 0 0 6
6 0 1 2 3 4 5 4 3 2 1 0 0 6
6 0 1 2 3 4 5 4 3 2 1 0 0 6
6 0 1 2 3 4 5 4 3 2 1 0 0 6
6 0 1 2 3 4 5 4 3 2 1 0 0 6
6 0 1 2 3 4 5 4 3 2 1 0 0 6
6 0 1 2 3 4 5 4 3 2 1 0 0 6
6 0 1 2 3 4 5 4 3 2 1 0 0 6
6 0 1 2 3 4 5 4 3 2 1 0 0 6
6 0 1 2 3 4 5 4 3 2 1 0 0 6
6 0 1 2 3 4 5 4 3 2 1 0 0 6
6 0 1 2 3 4 5 4 3 2 1 0 0 6
6 0 1 2 3 4 5 4 3 2 1 0 0 6
6 0 1 7 7 7 7 7 7 7 1 0 0 6
6 0 1 2 3 4 5 4 3 2 1 0 0 6
6 0 1 2 3 4 5 4 3 2 1 0 0 6
6 0 1 2 3 4 5 4 3 2 1 0 0 6
6 0 1 2 3 4 5 4 3 2 1 0 0 6
6 0 1 2 3 4 5 4 3 2 1 0 0 6
6 0 1 2 3 4 5 4 3 2 1 0 0 6
6 0 1 2 3 4 5 4 3 2 1 0 0 6
6 0 1 2 3 4 5 4 3 2 1 0 0 6
6 0 1 2 3 4 5 4 3 2 1 0 0 6
6 0 1 2 3 4 5 4 3 2 1 0 0 6
6 0 1 2 3 4 5 4 3 2 1 0 0 6
6 0 1 2 3 4 5 4 3 2 1 0 0 6
6 0 1 2 3 4 5 4 3 2 1 0 0 6
6 0 1 2 3 4 5 4 3 2 1 0 0 6
6 0 1 2 3 4 5 4 3 2 1 0 0 6
6 0 1 2 3 4 5 4 3 2 1 0 0 6
6 0 1 2 3 4 5 4 3 2 1 0 0 6
6 0 1 2 3 4 5 4 3 2 1 0 0 6
6 0 1 2 3 4 5 4 3 2 1 0 0 6
6 0 1 2 3 4 5 4 3 2 1 0 0 6
6 0 1 2 3 4 5 4 3 2 1 0 0 6
6 0 1 2 3 4 5 4 3 2 1 0 0 6
6 0 1 2 3 4 5 4 3 2 1 0 0 6
6 0 1 2 3 4 5 4 3 2 1 0 0 6
6 0 1 2 3 4 5 4 3 2 1 0 0 6
6 0 1 2 3 4 5 4 3 2 1 0 0 6
6 0 1 2 3 4 5 4 3 2 1 0 0 6
6 0 1 2 3 4 5 4 3 2 1 0 0 6
6 0 1 2 3 4 5 4 3 2 1 0 0 6
6 0 1 2 3 4 5 4 3 2 1 0 0 6
6 0 1 2 3 4 5 4 3 2 1 0 0 6
6 0 1 2 3 4 5 4 3 2 1 0 0 6
6 0 1 2 3 4 5 4 3 2 1 0 0 6
6 0 1 2 3 4 5 4 3 2 1 0 0 6
6 0 1 2 3 4 5 4 3 2 1 0 0 6
6 0 1 2 3 4 5 4 3 2 1 0 0 6
6 0 1 2 3 4 5 4 3 2 1 0 0 6
6 0 1 2 3 4 5 4 3 2 1 0 0 6
6 0 1 2 3 4 5 4 3 2 1 0 0 6
6 0 1 2 3 4 5 4 3 2 1 0 0 6
6 0 1 2 3 4 5 4 3 2 1 0 0 6
6 0 1 2 3 4 5 4 3 2 1 0 0 6
6 0 1 2 3 4 5 4 3 2 1 0 0 6
6 0 1 2 3 4 5 4 3 2 1 0 0 6
6 0 1 2 3 4 5 4 3 2 1 0 0 6
6 0 1 2 3 4 5 4 3 2 1 0 0 6
6 0 1 2 3 4 5 4 3 2 1 0 0 6
6 0 1 2 3 4 5 4 3 2 1 0 0 6
6 0 1 2 3 4 5 4 3 2 1 0 0 6
6 0 1 2 3 4 5 4 3 2 1 0 0 6
6 0 1 2 3 4 5 4 3 2 1 0 0 6
6 0 1 2 3 4 5 4 3 2 1 0 0 6
6 0 1 2 3 4 5 4 3 2 1 0 0 6
6 0 1 2 3 4 5 4 3 2 1 0 0 6
6 0 1 2 3 4 5 4 3 2 1 0 0 6
6 0 1 2 3 4 5 4 3 2 1 0 0 6
6 0 1 2 3 4 5 4 3 2 1 0 0 6
6 0 1 2 3 4 5 4 3 2 1 0 0 6
6 0 1 2 3 4 5 4 3 2 1 0 0 6
6 0 1 2 3 4 5 4 3 2 1 0 0 6
6 0 1 2 3 4 5 4 3 2 1 0 0 6
6 0 1 2 3 4 5 4 3 2 1 0 0 6
6 0 1 2 3 4 5 4 3 2 1 0 0 6
6 0 1 2 3 4 5 4 3 2 1 0 0 6
6 0 1 2 3 4 5 4 3 2 1 0 0 6
6 0 1 2 3 4 5 4 3 2 1 0 0 6
6 0 1 2 3 4 5 4 3 2 1 0 0 6
6 0 1 2 3 4 5 4 3 2 1 0 0 6
6 0 1 2 3 4 5 4 3 2 1 0 0 6
6 0 1 2 3 4 5 4 3 2 1 0 0 6
6 0 1 2 3 4 5 4 3 2 1 0 0 6
6 0 1 2 3 4 5 4 3 2 1 0 0 6
6 0 1 2 3 4 5 4 3 2 1 0 0 6
6 0 1 2 3 4 5 4 3 2 1 0 0 6
6 0 1 2 3 4 5 4 3 2 1 0 0 6
6 0 1 2 3 4 5 4 3 2 1 0 0 6
6 0 1 2 3 4 5 4 3 2 1 0 0 6
6 0 1 2 3 4 5 4 3 2 1 0 0 6
6 0 1 2 3 4 5 4 3 2 1 0 0 6
6 0 1 2 3 4 5 4 3 2 1 0 0 6
6 0 1 2 3 4 5 4 3 2 1 0 0 6
6 0 1 2 3 4 5 4 3 2 1 0 0 6
6 0 1 2 3 4 5 4 3 2 1 0 0 6
6 0 1 2 3 4 5 4 3 2 1 0 0 6
6 0 1 2 3 4 5 4 3 2 1 0 0 6
6 0 1 2 3 4 5 4 3 2 1 0 0 6
6 0 1 2 3 4 5 4 3 2 1 0 0 6
6 0 1 2 3 4 5 4 3 2 1 0 0 6
6 0 1 2 3 4 5 4 3 2 1 0 0 6
6 0 1 2 3 4 5 4 3 2 1 0 0 6
6 0 1 2 3 4 5 4 3 2 1 0 0 6
6 0 1 2 3 4 5 4 3 2 1 0 0 6
6 0 1 2 3 4 5 4 3 2 1 0 0 6
6 0 1 2 3 4 5 4 3 2 1 0 0 6
6 0 1 2 3 4 5 4 3 2 1 0 0 6
6 0 1 2 3 4 5 4 3 2 1 0 0 6
6 0 1 2 3 4 5 4 3 2 1 0 0 6
6 0 1 2 3 4 5 4 3 2 1 0 0 6
6 0 1 2 3 4 5 4 3 2 1 0 0 6
6 0 1 2 3 4 5 4 3 2 1 0 0 6
6 0 1 2 3 4 5 4 3 2 1 0 0 6
6 0 1 2 3 4 5 4 3 2 1 0 0 6
6 0 1 2 3 4 5 4 3 2 1 0 0 6
6 0 1 2 3 4 5 4 3 2 1 0 0 6
6 0 1 2 3 4 5 4 3 2 1 0 0 6
6 0 1 2 3 4 5 4 3 2 1 0 0 6
